0.05451 0.13172 0.70927
0.30443 0.85944 0.13581
0.66416 0.59919 0.99480
0.84696 0.10670 0.13771
0.54934 0.47182 0.65183
0.65378 0.67125 0.06739
0.81160 0.08548 0.33474
0.12347 0.53272 0.01372
0.13911 0.17842 0.81111
0.88303 0.26008 0.25092
0.13911 0.25759 0.63348
0.76225 0.03653 0.31549
0.77981 0.42994 0.21622
0.29603 0.55870 0.01730
0.13086 0.49281 0.06882
0.83213 0.79203 0.50260
0.08575 0.66935 0.50966
0.84664 0.93990 0.87759
0.15485 0.17722 0.72386
0.50513 0.61900 0.30589
0.59673 0.05121 0.44439
0.27905 0.78375 0.40186
0.23157 0.71991 0.34250
0.64729 0.09595 0.30593
0.66851 0.50539 0.32331
0.36763 0.78042 0.36187
0.94810 0.04526 0.33400
0.36056 0.09074 0.43065
0.68136 0.10789 0.01725
0.76517 0.52308 0.99773
0.48625 0.30289 0.36333
0.40480 0.96104 0.25046
0.97926 0.04345 0.38376
0.48489 0.51932 0.93021
-0.24564 0.39872 0.32789
0.45817 0.95029 0.33115
0.95605 0.93302 0.03680
0.15371 0.78169 0.34207
0.96444 0.46130 0.75349
0.75485 0.93721 0.91890
0.39288 0.29324 0.45545
0.97799 0.78277 0.15511
0.08736 0.67112 0.07699
0.28807 0.10721 0.79846
0.45975 0.91195 0.69729
0.72407 0.98991 0.43996
0.17145 0.92380 0.41014
0.96224 0.75092 0.51357
0.73223 0.82249 0.26458
0.35923 0.78084 0.73328
0.13491 0.39615 0.47208
0.68783 0.97394 0.56361
0.83646 0.37114 0.25289
0.34347 0.26886 0.45128
0.70672 0.77366 0.42663
0.81267 0.18828 0.67484
0.21837 0.73401 0.71774
0.86553 0.04932 0.93488
0.61874 0.63857 0.62136
0.63934 0.60856 0.18695
0.38934 0.96192 0.41946
0.95583 0.69417 0.05659
0.71965 0.31279 0.18769
0.08792 0.63669 0.54329
0.11272 0.00406 0.85953
0.25105 0.02285 0.33360
0.31230 0.22294 0.13840
0.83210 0.94176 0.70041
0.42100 0.26335 0.81981
0.02734 0.51595 0.64849
0.35978 0.31956 0.44098
0.67720 0.84578 0.35446
0.30660 0.45053 0.59889
0.80458 0.45549 0.14082
0.63294 0.80671 0.43936
0.42764 0.57030 0.21208
0.35692 0.31091 0.16730
0.87979 0.13177 0.94432
0.09174 0.62005 0.16570
0.71103 0.54556 0.44989
0.66093 0.19030 0.03085
0.27146 0.95337 0.76367
0.33390 0.18164 0.53153
0.38793 0.00703 0.36383
0.66801 0.50472 0.73356
0.54898 0.08117 0.15968
0.07268 0.68471 0.81733
0.48228 0.31075 0.90577
0.56983 0.86956 0.01570
0.09646 0.72461 0.64287
0.81627 0.46629 0.94133
0.69849 0.09585 0.96883
0.61658 0.34888 0.04190
0.44265 0.10037 0.72356
0.94261 0.81181 0.45976
-0.21035 0.19835 0.42672
0.12455 0.59915 0.26685
0.25447 0.79088 0.97875
0.03120 0.81558 0.88615
0.52735 0.64672 0.65640
0.15945 0.64070 0.24034
0.27068 0.54055 0.04590
0.51554 0.74320 0.93370
0.46458 0.15588 0.70331
0.48782 0.06757 0.24938
0.34266 0.84533 0.35806
0.12292 0.60639 0.34954
0.55725 0.10048 0.58577
0.84501 0.78332 0.51281
0.87285 0.54753 0.06792
0.52782 0.98456 0.60720
0.05819 0.67577 0.01159
0.51812 0.83527 0.34200
0.68788 0.92787 0.43543
0.50133 0.55875 0.97499
0.69259 0.82912 0.70403
0.38792 0.55655 0.47236
0.41539 0.08472 0.96451
0.65926 0.75101 0.86461
0.68914 0.64138 0.41096
0.43302 0.26233 0.98571
0.34430 0.47362 0.08748
0.73847 0.24972 0.97894
0.49348 0.47679 0.59656
0.78021 0.49261 0.96576
0.18698 0.88071 0.09258
0.95382 0.36066 0.54404
0.59032 0.36650 0.56273
0.50187 0.22794 0.06695
0.77569 0.87026 0.28958
0.47416 0.40473 0.51293
0.43109 0.24262 0.23583
0.55231 0.28502 0.41378
0.40406 0.64963 0.29430
0.98991 0.08982 0.47574
0.44994 0.41688 0.93107
0.64616 0.34984 0.58797
0.95801 0.99814 0.31751
0.36735 0.94855 0.07278
0.96555 0.64411 0.11816
0.72191 0.23734 0.49488
0.34338 0.65984 0.18879
0.29734 0.16845 0.20325
0.17423 0.78860 0.27734
0.45460 0.50750 0.85598
0.14663 0.02290 0.03835
0.36550 0.92216 0.67984
0.65502 0.41512 0.61241
0.69695 0.42440 0.34715
0.22877 0.10151 0.03029
0.35897 0.85931 0.09339
0.82497 0.72209 0.53679
0.38011 0.75681 0.60066
0.44258 0.23665 0.55356
0.68175 0.35230 0.57312
0.16572 0.54898 0.07338
0.36119 0.41473 0.19028
0.18455 0.97676 0.59928
0.79852 0.02206 0.34236
0.15440 0.18609 0.31508
0.05350 0.38422 0.64941
0.88596 0.48484 0.39116
0.51396 0.90586 0.21937
0.13032 0.70033 0.42681
0.49113 0.92746 0.90241
0.37513 0.01087 0.11583
0.40337 -0.17129 0.28641
0.38100 0.39199 0.50649
0.86982 0.01772 0.71497
0.23118 0.28676 0.88508
0.52295 0.73512 0.26216
0.81098 0.74565 0.10988
0.84174 0.25119 0.93709
0.45603 0.83157 0.93131
0.11117 0.50434 0.04472
0.51310 0.22170 0.93645
0.44755 0.78003 0.91796
0.84823 0.37932 0.87437
0.74970 0.59572 0.29801
0.03477 0.87319 0.65997
0.57237 0.14468 0.68291
0.93129 0.24976 0.05328
0.08790 0.93332 0.15574
0.74205 0.36797 0.51721
0.13101 0.63156 0.78738
0.43115 0.83037 0.53296
0.29454 0.87927 0.16713
0.73344 0.64846 0.51687
0.63201 0.49945 0.52232
0.98732 0.58617 0.84253
0.95197 0.20267 0.78835
0.61437 0.09107 0.45428
0.33084 0.00383 0.04866
0.03123 0.11854 0.97608
0.22048 0.76233 0.09906
0.67409 0.70886 0.92196
0.00555 0.20003 0.33206
0.85020 0.83489 0.31561
0.90361 0.47207 0.82822
0.20150 0.84614 0.27392
0.34346 0.73944 0.25702
0.84213 0.35573 0.96587
0.33866 0.77657 0.21719
0.75560 0.21441 0.31858
0.37245 0.10676 0.04789
0.87657 0.72628 0.51888
0.72034 0.05244 0.01289
0.99206 0.04360 0.40802
0.30183 0.70268 0.97100
0.25904 0.61100 0.38658
0.47840 0.72295 0.16551
0.39663 0.53168 0.72773
0.12090 0.65649 0.28411
0.47372 0.40039 0.83301
0.34675 0.66347 0.76216
0.40636 0.77537 0.63911
0.69947 0.41349 0.97925
0.43438 0.45347 0.33554
0.81176 0.15280 0.48282
0.30677 0.36234 0.91444
0.88331 0.87949 0.50733
0.43918 0.55250 0.20796
0.37223 0.10087 0.53983
0.12383 0.90762 0.86787
0.05283 0.90317 0.80447
0.73816 0.53063 0.49917
0.20515 0.58209 0.12029
0.59170 0.96139 0.67283
0.98177 0.41099 0.58421
0.43003 0.58210 0.32584
0.75487 0.81361 0.37843
0.96464 0.13495 0.30072
0.98370 0.90881 0.54555
0.47094 0.32651 0.98719
0.87262 0.07616 0.48996
0.83508 0.27340 0.61419
0.40685 0.64717 0.29130
0.13388 0.55332 0.69888
0.48453 0.07916 0.60046
0.63642 0.07132 0.80374
0.33583 0.47358 0.78754
0.12624 0.10040 0.53596
0.41746 0.18584 0.70222
0.90994 0.17047 0.88149
0.54557 0.38882 0.98361
0.61465 0.85127 0.79059
0.51803 0.14487 0.38698
0.06754 0.82007 0.15022
0.49036 0.18195 0.84636
0.42663 0.79045 0.90405
0.62939 0.55279 0.17242
0.84590 0.51965 0.24870
0.80659 0.21160 0.86193
0.41847 0.47925 0.27363
0.32394 0.49282 0.50183
0.72885 0.58286 0.48620
0.40957 0.14848 0.35118
0.68946 0.31500 0.08130
0.48113 0.41282 0.10927
0.58704 0.50194 0.77790
0.84050 0.88106 0.58616
0.47207 0.40585 0.80233
0.25005 0.30483 0.04342
0.76115 0.96954 0.87476
0.72051 0.43344 0.85632
0.20255 0.44873 0.13670
0.71905 0.28668 0.59937
0.13801 0.88135 0.34108
0.46280 0.91769 0.85345
0.78811 0.08343 0.02310
0.00669 0.61392 0.23172
0.55723 0.88518 0.86829
0.19443 0.98131 0.94117
0.30821 0.26115 0.76593
0.13930 0.08564 0.75012
0.15615 0.43917 0.29396
0.61526 0.11362 0.79222
0.41124 0.82118 0.52591
0.96337 0.41388 0.70836
0.25705 0.61126 0.17817
0.63786 0.89842 0.90789
0.87941 0.44670 0.97311
0.88047 0.71583 0.03523
0.49378 0.08084 0.35815
0.50634 0.06990 0.08015
0.01097 0.58956 0.14931
0.40923 0.64053 0.13673
0.85404 0.06738 0.02072
0.35963 0.61127 0.72411
0.30376 0.26755 0.05171
0.32448 0.60350 0.40991
0.96369 0.74243 0.83953
0.79698 0.67807 0.94763
0.12526 0.95264 0.89085
0.03582 0.22256 0.06270
0.82604 0.92984 0.37632
0.47087 0.96561 0.09084
0.93456 0.54703 0.42440
0.08940 0.12359 0.88834
0.18678 0.89619 0.95624
0.65802 0.17880 0.05186
0.10667 0.51748 0.18021
0.93628 0.87101 0.76321
0.98368 0.06404 0.08955
0.90275 0.43036 0.51795
0.15957 0.90732 0.02704
0.27732 0.23577 0.06000
0.47781 0.40940 0.46930
0.57972 0.35796 0.23814
0.48294 0.12310 0.65127
0.59536 0.75593 0.05115
0.14811 0.82347 0.80593
0.28081 0.76274 0.29928
0.37618 0.88342 0.14983
0.32349 0.80464 0.31749
0.50182 0.80216 0.67285
0.94063 0.03142 0.53640
0.55380 0.38953 0.51003
0.67941 0.57841 0.68297
0.71893 0.57271 0.26949
0.43020 0.98742 0.70195
0.04718 0.98202 0.11214
0.93573 0.48002 0.86768
0.92428 0.13251 0.70082
0.22610 0.23198 0.03939
0.60100 0.11107 0.73337
0.27909 0.15315 0.77753
0.02224 0.72927 0.23390
0.60529 0.28927 0.80278
0.83787 0.26635 0.72092
0.37377 0.05520 0.93765
0.11308 0.94300 0.68329
0.93125 0.70788 0.13170
0.42465 0.96086 0.39518
0.90874 0.61399 0.68560
0.57423 0.66460 0.61663
0.14977 0.17314 0.62196
0.44737 0.33300 0.19260
0.85938 0.14888 0.74244
0.42532 0.78615 0.45771
0.04814 0.80196 0.25291
0.44966 0.38732 0.81686
0.61510 0.52024 0.55528
0.10196 0.44891 0.16585
0.65327 0.36888 0.24957
0.96469 0.43227 0.43011
0.79899 0.67537 0.44470
0.21771 0.39641 0.51225
0.57939 0.81464 0.80199
0.73397 0.31445 0.69665
0.93836 0.88230 0.58070
0.83395 0.16075 0.97283
0.33747 0.76609 0.63759
0.96606 0.76658 0.79864
0.26365 0.58631 0.95202
0.71913 0.30984 0.42458
0.13520 0.35098 0.37943
0.34930 0.21001 0.49980
0.96056 0.55974 0.01864
0.00832 0.70654 0.20814
0.33248 0.09939 0.06648
0.15350 0.30679 0.10180
0.96202 0.77032 0.08541
0.86466 0.58168 0.02064
0.48348 0.07939 0.87366
0.29737 0.46876 0.17975
0.88369 0.18228 0.84387
0.42158 0.84215 0.52650
0.47100 0.22129 0.94059
0.01478 0.65532 0.90346
0.12719 0.25325 0.81188
0.33574 0.77710 0.57696
0.61477 0.95228 0.89197
0.36435 0.89156 0.37044
0.44763 0.16105 0.01678
0.98449 0.23736 0.21340
0.94714 0.28233 0.16097
0.29141 0.33893 0.62615
0.72060 0.74721 0.81481
0.61991 0.29279 0.75586
0.07521 0.77353 0.84366
0.44906 0.34110 0.95677
0.02574 0.97945 0.00726
0.24496 0.66691 0.66728
0.28016 0.90356 0.89294
0.04648 0.53635 0.52879
0.32764 0.95777 0.21940
0.52628 0.95670 0.88311
0.85133 0.81354 0.98359
0.03235 0.84024 0.15657
0.93496 0.85436 0.15812
0.46333 0.10117 0.70752
0.73130 0.55156 0.24911
0.93005 0.38326 0.01160
0.02185 0.11523 0.21503
0.78372 0.27756 0.03038
0.60881 0.19651 0.89810
0.35033 0.50242 0.66644
0.61192 0.09805 0.41467
0.51654 0.50609 0.49680
